<?xml version="1.0"?>
<opencv_storage>
<calibration_time>"Tuesday 11 April 2017 11:40:54 AM IST"</calibration_time>
<nr_of_frames>5</nr_of_frames>
<image_width>400</image_width>
<image_height>298</image_height>
<board_width>9</board_width>
<board_height>6</board_height>
<square_size>25.</square_size>
<fix_aspect_ratio>1.</fix_aspect_ratio>
<flags>6158</flags>
<fisheye_model>0</fisheye_model>
<camera_matrix type_id="opencv-matrix">
  <rows>3</rows>
  <cols>3</cols>
  <dt>d</dt>
  <data>
    2.2986535173306814e+02 0. 1.9950000000000000e+02 0.
    2.2986535173306814e+02 1.4850000000000000e+02 0. 0. 1.</data></camera_matrix>
<distortion_coefficients type_id="opencv-matrix">
  <rows>5</rows>
  <cols>1</cols>
  <dt>d</dt>
  <data>
    2.8642742919769780e-02 -2.0455003184916126e-01 0. 0.
    3.8539181013190738e-01</data></distortion_coefficients>
<avg_reprojection_error>2.3086458520090103e-01</avg_reprojection_error>
<per_view_reprojection_errors type_id="opencv-matrix">
  <rows>5</rows>
  <cols>1</cols>
  <dt>f</dt>
  <data>
    2.30864584e-01 2.30864584e-01 2.30864584e-01 2.30864584e-01
    2.30864584e-01</data></per_view_reprojection_errors>
<extrinsic_parameters type_id="opencv-matrix">
  <rows>5</rows>
  <cols>6</cols>
  <dt>d</dt>
  <data>
    1.4153069343240898e-02 4.6950071468685725e-02
    -4.3943537665041887e-04 -1.0169176333202367e+02
    -6.7266305740043691e+01 2.5320228993478722e+02
    1.4153069343241178e-02 4.6950071468685864e-02
    -4.3943537665041161e-04 -1.0169176333202367e+02
    -6.7266305740043691e+01 2.5320228993478722e+02
    1.4153069343240716e-02 4.6950071468685836e-02
    -4.3943537665044121e-04 -1.0169176333202367e+02
    -6.7266305740043691e+01 2.5320228993478725e+02
    1.4153069343240779e-02 4.6950071468685718e-02
    -4.3943537665044066e-04 -1.0169176333202367e+02
    -6.7266305740043691e+01 2.5320228993478725e+02
    1.4153069343240919e-02 4.6950071468685739e-02
    -4.3943537665042370e-04 -1.0169176333202367e+02
    -6.7266305740043691e+01 2.5320228993478722e+02</data></extrinsic_parameters>
<image_points type_id="opencv-matrix">
  <rows>5</rows>
  <cols>54</cols>
  <dt>"2f"</dt>
  <data>
    1.07108421e+02 8.75455246e+01 1.29427933e+02 8.72264023e+01
    1.51854965e+02 8.68240891e+01 1.74720078e+02 8.64956970e+01
    1.97696930e+02 8.63280640e+01 2.20902130e+02 8.61232147e+01
    2.44558548e+02 8.58537750e+01 2.68303040e+02 8.57112656e+01
    2.92281342e+02 8.55001526e+01 1.07355873e+02 1.10173195e+02
    1.29557602e+02 1.09809853e+02 1.51936188e+02 1.09596397e+02
    1.74792603e+02 1.09401428e+02 1.97673691e+02 1.09259285e+02
    2.20846436e+02 1.09143700e+02 2.44515549e+02 1.08984184e+02
    2.68168671e+02 1.08924324e+02 2.92141907e+02 1.08852196e+02
    1.07382790e+02 1.32788467e+02 1.29592255e+02 1.32676025e+02
    1.51972778e+02 1.32494583e+02 1.74791122e+02 1.32377747e+02
    1.97687073e+02 1.32340088e+02 2.20820297e+02 1.32332108e+02
    2.44426682e+02 1.32305313e+02 2.68018463e+02 1.32416931e+02
    2.91924133e+02 1.32528778e+02 1.07642227e+02 1.55511597e+02
    1.29779144e+02 1.55420685e+02 1.52117996e+02 1.55392365e+02
    1.74956100e+02 1.55363983e+02 1.97756714e+02 1.55396454e+02
    2.20835327e+02 1.55460556e+02 2.44433014e+02 1.55537125e+02
    2.67890411e+02 1.55665176e+02 2.91754730e+02 1.55898392e+02
    1.07795044e+02 1.78214569e+02 1.29912506e+02 1.78283844e+02
    1.52280777e+02 1.78344391e+02 1.75186920e+02 1.78315781e+02
    1.97916458e+02 1.78383347e+02 2.20873810e+02 1.78537964e+02
    2.44420639e+02 1.78662735e+02 2.67868439e+02 1.78987686e+02
    2.91577606e+02 1.79350739e+02 1.08107903e+02 2.00992813e+02
    1.30239761e+02 2.01191513e+02 1.52516953e+02 2.01294830e+02
    1.75320496e+02 2.01276474e+02 1.98110886e+02 2.01384537e+02
    2.21090530e+02 2.01609238e+02 2.44414032e+02 2.01899612e+02
    2.67847046e+02 2.02365402e+02 2.91520294e+02 2.02742661e+02
    1.07108421e+02 8.75455246e+01 1.29427933e+02 8.72264023e+01
    1.51854965e+02 8.68240891e+01 1.74720078e+02 8.64956970e+01
    1.97696930e+02 8.63280640e+01 2.20902130e+02 8.61232147e+01
    2.44558548e+02 8.58537750e+01 2.68303040e+02 8.57112656e+01
    2.92281342e+02 8.55001526e+01 1.07355873e+02 1.10173195e+02
    1.29557602e+02 1.09809853e+02 1.51936188e+02 1.09596397e+02
    1.74792603e+02 1.09401428e+02 1.97673691e+02 1.09259285e+02
    2.20846436e+02 1.09143700e+02 2.44515549e+02 1.08984184e+02
    2.68168671e+02 1.08924324e+02 2.92141907e+02 1.08852196e+02
    1.07382790e+02 1.32788467e+02 1.29592255e+02 1.32676025e+02
    1.51972778e+02 1.32494583e+02 1.74791122e+02 1.32377747e+02
    1.97687073e+02 1.32340088e+02 2.20820297e+02 1.32332108e+02
    2.44426682e+02 1.32305313e+02 2.68018463e+02 1.32416931e+02
    2.91924133e+02 1.32528778e+02 1.07642227e+02 1.55511597e+02
    1.29779144e+02 1.55420685e+02 1.52117996e+02 1.55392365e+02
    1.74956100e+02 1.55363983e+02 1.97756714e+02 1.55396454e+02
    2.20835327e+02 1.55460556e+02 2.44433014e+02 1.55537125e+02
    2.67890411e+02 1.55665176e+02 2.91754730e+02 1.55898392e+02
    1.07795044e+02 1.78214569e+02 1.29912506e+02 1.78283844e+02
    1.52280777e+02 1.78344391e+02 1.75186920e+02 1.78315781e+02
    1.97916458e+02 1.78383347e+02 2.20873810e+02 1.78537964e+02
    2.44420639e+02 1.78662735e+02 2.67868439e+02 1.78987686e+02
    2.91577606e+02 1.79350739e+02 1.08107903e+02 2.00992813e+02
    1.30239761e+02 2.01191513e+02 1.52516953e+02 2.01294830e+02
    1.75320496e+02 2.01276474e+02 1.98110886e+02 2.01384537e+02
    2.21090530e+02 2.01609238e+02 2.44414032e+02 2.01899612e+02
    2.67847046e+02 2.02365402e+02 2.91520294e+02 2.02742661e+02
    1.07108421e+02 8.75455246e+01 1.29427933e+02 8.72264023e+01
    1.51854965e+02 8.68240891e+01 1.74720078e+02 8.64956970e+01
    1.97696930e+02 8.63280640e+01 2.20902130e+02 8.61232147e+01
    2.44558548e+02 8.58537750e+01 2.68303040e+02 8.57112656e+01
    2.92281342e+02 8.55001526e+01 1.07355873e+02 1.10173195e+02
    1.29557602e+02 1.09809853e+02 1.51936188e+02 1.09596397e+02
    1.74792603e+02 1.09401428e+02 1.97673691e+02 1.09259285e+02
    2.20846436e+02 1.09143700e+02 2.44515549e+02 1.08984184e+02
    2.68168671e+02 1.08924324e+02 2.92141907e+02 1.08852196e+02
    1.07382790e+02 1.32788467e+02 1.29592255e+02 1.32676025e+02
    1.51972778e+02 1.32494583e+02 1.74791122e+02 1.32377747e+02
    1.97687073e+02 1.32340088e+02 2.20820297e+02 1.32332108e+02
    2.44426682e+02 1.32305313e+02 2.68018463e+02 1.32416931e+02
    2.91924133e+02 1.32528778e+02 1.07642227e+02 1.55511597e+02
    1.29779144e+02 1.55420685e+02 1.52117996e+02 1.55392365e+02
    1.74956100e+02 1.55363983e+02 1.97756714e+02 1.55396454e+02
    2.20835327e+02 1.55460556e+02 2.44433014e+02 1.55537125e+02
    2.67890411e+02 1.55665176e+02 2.91754730e+02 1.55898392e+02
    1.07795044e+02 1.78214569e+02 1.29912506e+02 1.78283844e+02
    1.52280777e+02 1.78344391e+02 1.75186920e+02 1.78315781e+02
    1.97916458e+02 1.78383347e+02 2.20873810e+02 1.78537964e+02
    2.44420639e+02 1.78662735e+02 2.67868439e+02 1.78987686e+02
    2.91577606e+02 1.79350739e+02 1.08107903e+02 2.00992813e+02
    1.30239761e+02 2.01191513e+02 1.52516953e+02 2.01294830e+02
    1.75320496e+02 2.01276474e+02 1.98110886e+02 2.01384537e+02
    2.21090530e+02 2.01609238e+02 2.44414032e+02 2.01899612e+02
    2.67847046e+02 2.02365402e+02 2.91520294e+02 2.02742661e+02
    1.07108421e+02 8.75455246e+01 1.29427933e+02 8.72264023e+01
    1.51854965e+02 8.68240891e+01 1.74720078e+02 8.64956970e+01
    1.97696930e+02 8.63280640e+01 2.20902130e+02 8.61232147e+01
    2.44558548e+02 8.58537750e+01 2.68303040e+02 8.57112656e+01
    2.92281342e+02 8.55001526e+01 1.07355873e+02 1.10173195e+02
    1.29557602e+02 1.09809853e+02 1.51936188e+02 1.09596397e+02
    1.74792603e+02 1.09401428e+02 1.97673691e+02 1.09259285e+02
    2.20846436e+02 1.09143700e+02 2.44515549e+02 1.08984184e+02
    2.68168671e+02 1.08924324e+02 2.92141907e+02 1.08852196e+02
    1.07382790e+02 1.32788467e+02 1.29592255e+02 1.32676025e+02
